0
119
138
158
177
196
215
234
253
272
291
30
329
348
367
386
404
423
442
461
480
49
67
86
100
11
139
159
178
197
216
235
254
273
292
310
32
349
368
387
405
424
443
462
481
4
68
87
101
120
13
15
179
198
217
236
255
274
293
311
330
34
369
388
406
425
444
463
482
500
69
88
102
121
140
160
17
199
218
237
256
275
294
312
331
350
36
389
407
426
445
464
483
50
6
89
103
122
142
161
180
19
219
238
257
276
295
313
332
351
370
38
408
427
446
465
484
51
70
8
104
123
143
162
181
1
21
239
258
277
296
314
333
352
371
390
409
428
447
466
485
52
71
90
105
124
144
163
182
200
220
23
259
278
297
315
334
353
372
391
40
429
448
467
486
53
72
91
106
125
145
164
183
201
221
240
25
279
298
316
335
354
373
392
410
42
449
468
487
54
73
92
107
126
146
165
184
203
222
241
260
27
299
317
336
355
374
393
411
430
44
469
488
55
74
93
108
127
147
166
185
204
223
242
261
280
29
318
337
356
375
394
412
431
450
46
489
56
75
94
109
128
148
167
186
205
224
243
262
281
2
319
338
357
376
395
413
432
451
470
48
57
76
95
10
129
149
168
187
206
225
244
263
282
300
31
339
358
377
396
414
433
452
471
490
58
77
96
110
12
14
169
188
207
226
245
264
283
301
320
33
359
378
397
415
434
453
472
491
59
78
97
111
130
150
16
189
208
227
246
265
284
302
321
340
35
379
398
416
435
454
473
492
5
79
98
112
131
151
170
18
209
228
247
266
285
303
322
341
360
37
399
417
436
455
474
493
60
7
99
113
132
152
171
190
20
229
248
267
286
304
323
342
361
380
39
418
437
456
475
494
61
80
9
114
133
153
172
191
210
22
249
268
287
305
324
343
362
381
3
419
438
457
476
495
62
81
115
134
154
173
192
211
230
24
269
288
306
325
344
363
382
400
41
439
458
477
496
63
82
116
135
155
174
193
212
231
250
26
289
307
326
345
364
383
401
420
43
459
478
497
64
83
117
136
156
175
194
213
232
251
270
28
308
327
346
365
384
402
421
440
45
479
498
65
84
118
137
157
176
195
214
233
252
271
290
309
328
347
366
385
403
422
441
460
47
499
66
85
